Id,SalePrice
1461,119488.91756648845
1462,156284.03226342934
1463,178280.28169656068
1464,199960.89389584257
1465,188083.23476100303
1466,170222.9253090324
1467,178701.27141302908
1468,161984.0469350969
1469,197256.8359010628
1470,118403.45097980321
1471,186476.0949247511
1472,98321.79681636798
1473,95546.72058561306
1474,147124.24338689016
1475,116151.24375832398
1476,352536.1922633269
1477,244514.74470204304
1478,275620.5136945655
1479,278821.8649655562
1480,510186.51964549965
1481,341615.0251023288
1482,209996.11642372364
1483,170183.40947294052
1484,162825.32188852018
1485,179679.34070939408
1486,196288.66414012358
1487,315638.06066812226
1488,230271.86356838993
1489,190126.34507609069
1490,219849.66975383283
1491,188468.35716350243
1492,95150.3514507535
1493,176982.75695531594
1494,283915.92684375984
1495,288151.29144649574
1496,222728.88057264598
1497,185880.96627916253
1498,177602.0343416714
1499,163308.10887456863
1500,153835.93027850642
1501,174221.41475959012
1502,155980.8935747577
1503,277300.58786478144
1504,243347.61472218332
1505,224942.785673585
1506,195350.777450313
1507,264397.47403605055
1508,193915.05223231946
1509,159174.70631597066
1510,143694.4393835866
1511,155361.14915234863
1512,171600.94665056723
1513,149034.372003764
1514,153733.9781614064
1515,202882.69743450798
1516,146810.739484693
1517,179642.19086099614
1518,133141.82761547752
1519,212278.88087300287
1520,128838.33829162331
1521,129741.98453673208
1522,171595.3080966642
1523,112472.27821236632
1524,119845.65816440117
1525,119172.97616309352
1526,106727.4577394007
1527,109111.74000750571
1528,133696.80445517393
1529,145652.02446184817
1530,185886.39364546663
1531,107861.97782426469
1532,94825.26202297464
1533,147773.1803358357
1534,123356.13201047335
1535,144488.16196306402
1536,102929.43615055816
1537,68218.55593765706
1538,140652.75633902368
1539,186199.72251655688
1540,89095.04885615011
1541,135252.89891167977
1542,142755.17156568886
1543,185679.02105871632
1544,92793.10145871554
1545,113143.4373876607
1546,133898.25057637948
1547,128539.96013891329
1548,134313.81578188308
1549,120559.92961645633
1550,133101.27848819568
1551,107013.77885881405
1552,134846.0520539837
1553,135937.93346742654
1554,123806.7230993502
1555,164347.2475182858
1556,91730.70113721848
1557,107157.50032375978
1558,106898.1553023336
1559,65971.67597311942
1560,128290.90659517157
1561,123325.61518742656
1562,132188.37827433812
1563,121788.2167774348
1564,158503.67303216053
1565,147677.8144110227
1566,237112.20661668273
1567,82835.53807728775
1568,233988.12176166667
1569,121251.15368031788
1570,139059.65992058907
1571,127026.26829744375
1572,144276.30824887115
1573,245863.36231944666
1574,127548.10966071111
1575,230212.94808863426
1576,251492.62009453215
1577,180907.99240703724
1578,138497.40156009936
1579,144751.19577475503
1580,192214.73231265272
1581,152780.92248571807
1582,122609.06673184414
1583,311145.94817035296
1584,223401.41783369632
1585,137824.6363001413
1586,81815.48516717175
1587,107282.28467006946
1588,152503.8426637914
1589,100648.29123447051
1590,139744.52767264887
1591,96220.79687602575
1592,110230.23685534619
1593,122298.6288068206
1594,132927.53064544944
1595,111767.03183575181
1596,226036.35248381147
1597,191630.40503984696
1598,218029.99085768964
1599,172935.60029572505
1600,160295.00690992
1601,71742.76056047992
1602,109901.24754199927
1603,74660.71545060475
1604,258910.98599584066
1605,245983.09065692348
1606,170578.70813553114
1607,191758.55972789662
1608,208576.50626787517
1609,177273.5109203279
1610,144150.46146098746
1611,138859.87062354866
1612,167319.24902559377
1613,163772.81233644095
1614,116478.63917039767
1615,92016.81936480496
1616,81920.79719301919
1617,96291.17814896206
1618,134489.81589638145
1619,138722.69301273688
1620,168636.98468162576
1621,138068.73015798558
1622,137569.3238969937
1623,264224.2814122992
1624,218288.08147004482
1625,119534.37565696174
1626,172598.81363187075
1627,188462.52289865084
1628,291340.12044812273
1629,176870.54454417137
1630,372229.2467621693
1631,222481.05822779826
1632,238860.42748472278
1633,167222.2179866994
1634,185011.72773368293
1635,175979.0604702297
1636,154136.4848935452
1637,198143.21600984607
1638,184277.34269093123
1639,186579.27206694268
1640,265419.88304959785
1641,180633.81963594892
1642,241676.96344272394
1643,222239.99211874357
1644,236883.22695893463
1645,195313.7952257954
1646,155879.82241513097
1647,154619.37629134528
1648,129911.33795342407
1649,138952.02620566642
1650,111948.68423783136
1651,122135.87961311583
1652,99655.71866976775
1653,101820.6955636413
1654,148050.15033431526
1655,131515.69088735813
1656,138744.06862880348
1657,148100.66187767786
1658,146981.4354528161
1659,124981.0325379005
1660,155100.61861251647
1661,432734.875708702
1662,405201.44951070077
1663,363224.8686491662
1664,550140.5730653998
1665,288683.41504834127
1666,323918.1594951485
1667,384009.851607587
1668,320068.8698361341
1669,285342.4259110135
1670,321061.40662067506
1671,262282.05091953353
1672,433537.5814979374
1673,293798.22140221705
1674,245197.6594632099
1675,193893.65444069248
1676,188443.74179002622
1677,213657.92526263843
1678,498862.6379929852
1679,382261.8775440302
1680,310099.30595195154
1681,225754.40145932624
1682,304828.7415643795
1683,190844.03165501272
1684,175109.4358253978
1685,171774.5725519804
1686,172001.07081808234
1687,169247.8489677228
1688,191512.25064754504
1689,193118.23455872966
1690,195632.26243854358
1691,183761.3820324567
1692,252030.4280516214
1693,165140.3399818223
1694,178536.42802176008
1695,161874.3591969324
1696,270656.4908317967
1697,168126.6799008871
1698,349310.70174860087
1699,294600.98200110946
1700,246201.45319819066
1701,269119.51184548176
1702,237326.6533015738
1703,232856.93926618615
1704,276075.9669442113
1705,227119.5140934218
1706,441654.41513745923
1707,203522.51253596452
1708,195410.91872998033
1709,262391.85051166813
1710,224672.21338004342
1711,263608.5419133084
1712,260163.95998508928
1713,262651.1422613012
1714,222047.81265817498
1715,204055.68422374592
1716,181985.26747444383
1717,174706.77221553956
1718,137337.26334967505
1719,207890.42221482165
1720,233813.87614026407
1721,158409.86354039458
1722,121349.25849915031
1723,148453.12776042195
1724,202646.18317740937
1725,237521.16083377472
1726,188149.27801267544
1727,152619.42509683222
1728,172648.86664085265
1729,163032.609731434
1730,153238.91750950977
1731,118579.66175613878
1732,130563.74864273448
1733,113136.20953214288
1734,128676.94137611774
1735,127533.5887210596
1736,110430.51286728543
1737,317417.85945694067
1738,243572.43080962167
1739,277042.7594144832
1740,226514.15706589844
1741,196396.05389705565
1742,172186.25913560408
1743,179684.08002758553
1744,322406.1591796611
1745,218184.08300435144
1746,206845.1484944728
1747,217443.68977769336
1748,235865.79607439117
1749,144719.3312456009
1750,129612.98001912748
1751,259537.30805397185
1752,119550.47928175936
1753,152042.3786926479
1754,195148.08687802913
1755,160653.50804932104
1756,120888.51144514493
1757,122187.7573208005
1758,139596.36341301457
1759,155629.68861376215
1760,155400.05938967684
1761,148769.25876010084
1762,179440.45504056642
1763,184605.35625705536
1764,114510.00377978598
1765,151138.36318544357
1766,186545.59726127572
1767,219803.60742566714
1768,136488.00658061498
1769,171226.26256638754
1770,148701.59874432467
1771,116144.30561813693
1772,135133.73539192954
1773,124790.77858178604
1774,150584.62102446225
1775,141428.57174147162
1776,120333.55035974203
1777,109261.26233708218
1778,140873.2294923
1779,119094.77964747295
1780,164244.66428614588
1781,123442.46983819747
1782,91856.36451394379
1783,139244.573848541
1784,104554.36916692526
1785,120220.53564773052
1786,154414.15964714953
1787,158701.66169472891
1788,66025.36545434385
1789,103673.91835361568
1790,81231.5575325115
1791,191669.05449410607
1792,154214.3534661846
1793,132083.96289957192
1794,157876.77104429036
1795,138758.97136588837
1796,125284.68005561442
1797,110406.71693993187
1798,122113.75144876725
1799,110669.10202480642
1800,123418.03425171589
1801,122634.9520534279
1802,133495.63400470847
1803,153540.89058251932
1804,141576.28225942326
1805,138794.86255655115
1806,133845.5874314285
1807,128189.05170231854
1808,119877.13504724669
1809,113762.704252661
1810,131954.8149212504
1811,82994.6406961133
1812,95741.28389644416
1813,122903.7699723864
1814,98993.12106983575
1815,64327.31085624484
1816,99433.12142729574
1817,105030.00275648019
1818,139325.6424838826
1819,132121.98381109218
1820,60017.185187312905
1821,121519.77178114298
1822,146178.95557939255
1823,46412.52435852739
1824,130134.92443339652
1825,136431.90546610233
1826,102892.00277649968
1827,100401.55443425293
1828,128656.5860408535
1829,122922.59134954949
1830,141245.81234071092
1831,144658.37961184632
1832,66803.64745730335
1833,138159.20406988138
1834,120929.39694058344
1835,125495.98550387552
1836,132391.72090860546
1837,89561.19689751569
1838,121639.95308733378
1839,106012.37157661156
1840,136772.20576138026
1841,137345.18735734327
1842,93052.44422465982
1843,128721.68238294548
1844,142998.29614052546
1845,142692.50086001388
1846,147735.42373395228
1847,165928.9086250665
1848,56094.62684225805
1849,105751.7377608174
1850,118989.50610645456
1851,161340.4305279072
1852,126459.95198509771
1853,128176.92475521643
1854,168348.892361926
1855,145521.05552772086
1856,224656.76711712222
1857,141056.5656579791
1858,142936.16383776412
1859,117309.19382819008
1860,148828.78202878765
1861,116601.13717985695
1862,305023.13843382074
1863,295978.0317103147
1864,295996.8724189502
1865,331877.96680344146
1866,313017.87716253096
1867,222839.5520540275
1868,286268.9781810771
1869,201761.07166096388
1870,215594.1025365733
1871,248167.65016071714
1872,170748.56294441246
1873,242417.8641290395
1874,148739.78916929348
1875,196295.53527185606
1876,198055.5406025003
1877,206276.4041106987
1878,205415.63210301023
1879,126046.27112555642
1880,130747.39504364753
1881,245243.57733777576
1882,248848.70210250546
1883,187986.54259615205
1884,202274.28873850373
1885,238862.26748280646
1886,284936.9284466992
1887,206402.0202373052
1888,262041.57233058938
1889,168089.84851400484
1890,124256.89343402177
1891,130451.13591834132
1892,102451.57943207194
1893,128721.03995987689
1894,123051.42072846302
1895,139876.80560175894
1896,126133.03960630715
1897,117540.25008902291
1898,121661.01056429124
1899,163181.78219070047
1900,158207.8819723012
1901,164760.0806094594
1902,154670.05757311048
1903,217154.16145194194
1904,152763.75512224957
1905,199426.491977095
1906,109112.27312375185
1907,222326.71326158868
1908,115057.18024632704
1909,142015.63054890023
1910,124430.9360797359
1911,223747.11329186382
1912,358585.12731831596
1913,150015.23987322923
1914,62781.00872575781
1915,299942.984244944
1916,73594.71311685316
1917,250579.78799408875
1918,144741.37555979806
1919,173762.84632862927
1920,157585.5249736681
1921,380313.041663899
1922,291941.2708203007
1923,242642.51496407858
1924,234454.6037130408
1925,194503.91454129622
1926,370456.61638258497
1927,135016.15968092982
1928,153127.56842981448
1929,127179.61762262923
1930,134924.27755964623
1931,143264.00435642875
1932,139338.16175470277
1933,184967.64924332788
1934,182221.46053785115
1935,167526.16404292782
1936,192548.57498841512
1937,177746.4520422961
1938,164239.79946957034
1939,250025.2197852795
1940,184528.7867421544
1941,173358.06921502808
1942,180518.02151168423
1943,210479.92849070023
1944,349253.09592193586
1945,359790.0824609786
1946,142370.57817640054
1947,292417.8158405592
1948,168949.7086003231
1949,236056.6447357208
1950,181142.94179961408
1951,253338.1006935126
1952,217310.25444687682
1953,160580.4236544824
1954,188535.83489103205
1955,137160.35231575478
1956,342813.15504724294
1957,153869.90915278386
1958,297314.92685909994
1959,143068.30030510365
1960,113415.45221535715
1961,120444.48405379556
1962,99643.79537964873
1963,107711.66225987965
1964,102807.23465199256
1965,147068.4486464724
1966,131638.9500525513
1967,282699.0756015696
1968,433854.65675884206
1969,364716.47919769754
1970,428704.8036043042
1971,495625.8126315585
1972,372295.25326697907
1973,275239.1121756928
1974,327856.6073020993
1975,530285.455851824
1976,265385.1211729833
1977,361077.35550878226
1978,364653.00941559643
1979,311242.21474902175
1980,204253.43608332772
1981,323434.42045520345
1982,216996.52360025045
1983,204303.005560006
1984,176050.51054183583
1985,222968.524318558
1986,207541.12987899833
1987,191434.362054295
1988,174235.74315182382
1989,195188.6974216428
1990,211190.60057703304
1991,228227.5850725697
1992,214449.10484113876
1993,172041.57355653
1994,238756.63012415037
1995,185244.68516137562
1996,248606.99992590272
1997,291672.3594605267
1998,313358.97130010306
1999,255945.0914336215
2000,311900.26348094456
2001,266412.07232149027
2002,225552.31532522815
2003,249806.6875430841
2004,282017.9524083617
2005,217342.80368324678
2006,216909.21856828415
2007,245242.26405392605
2008,215198.82651356957
2009,192081.80400949542
2010,189539.4914203806
2011,137068.74656214868
2012,168356.388645228
2013,176334.33357822165
2014,183862.7742406494
2015,199963.52576520157
2016,188909.35532098304
2017,194268.24441965253
2018,117320.58879918733
2019,137198.1176888963
2020,104994.40100310821
2021,102088.95686504341
2022,178105.5680465871
2023,145569.2546773696
2024,270797.9052298617
2025,377961.57642617135
2026,175371.50376436792
2027,161053.41495980418
2028,154833.03797793706
2029,166242.39868550492
2030,260160.84813579867
2031,227293.0177813497
2032,238461.03917626038
2033,245505.9679021508
2034,168518.0737077714
2035,217853.17401731678
2036,196794.28775671616
2037,212790.9849554162
2038,321160.6351483121
2039,220822.83240795016
2040,318751.9113657355
2041,279606.7777141454
2042,205552.65099432506
2043,172640.8303230029
2044,177082.86690140347
2045,208077.8357614318
2046,154283.6588531232
2047,146738.17866036945
2048,138191.14949935765
2049,146332.03250361647
2050,174027.4740668114
2051,101368.80356344115
2052,118500.37395712177
2053,143422.9393078271
2054,98502.41275574568
2055,153897.05772734777
2056,148784.82581326697
2057,110078.04142458165
2058,218244.93417999317
2059,128128.6470145543
2060,166474.01563230736
2061,178211.22199564643
2062,127830.23721714679
2063,118706.47590619964
2064,136540.6622439039
2065,115888.89801148983
2066,164162.26029693623
2067,102030.85369751703
2068,144209.09568572196
2069,89721.03828230668
2070,117093.03972820152
2071,103854.40453465896
2072,136703.35987554982
2073,131148.50935210573
2074,188158.33472018913
2075,148090.40692403226
2076,116902.1462580679
2077,153827.92473501136
2078,123518.75254964785
2079,125299.22581999615
2080,120379.43502005073
2081,127187.57002592654
2082,114381.32302900054
2083,149373.56991340106
2084,111244.51311005726
2085,115635.43720657514
2086,107889.94315050839
2087,118009.66405592268
2088,100891.97675284455
2089,86131.9380267692
2090,126038.94728473254
2091,97554.37582819506
2092,119361.29810518208
2093,116159.99458869298
2094,112844.28189952801
2095,138029.25582721393
2096,86917.35374079617
2097,100619.17128398662
2098,144866.60436933208
2099,61313.85073697369
2100,64644.50391191387
2101,105625.46963980154
2102,126653.4408197987
2103,101652.12671904436
2104,139637.4836941109
2105,124655.90793104329
2106,68789.00670070181
2107,196350.20944406773
2108,113678.40554653038
2109,108093.93373973844
2110,125588.427626243
2111,137864.04565533553
2112,136266.13813419518
2113,122508.75670623925
2114,124661.51957317053
2115,161723.2579214313
2116,114834.1391765126
2117,144424.21940949775
2118,120457.41939518538
2119,114291.70361100681
2120,115931.82358105546
2121,107759.26009955566
2122,115273.14086241464
2123,90887.8707632688
2124,159110.7047115427
2125,125303.81756904707
2126,147386.27410937598
2127,151518.07053951165
2128,135166.99025187804
2129,101511.16306568218
2130,130165.7916868208
2131,153076.03681500026
2132,114098.55767205257
2133,123731.15093062847
2134,124637.6294124398
2135,104149.14273887951
2136,75473.33120308473
2137,105845.41623553485
2138,125388.67029552617
2139,146458.12542916613
2140,141890.46630343242
2141,160096.6743620094
2142,125331.22979183457
2143,143347.03523460077
2144,121000.93744300106
2145,143379.9834981233
2146,170585.45542359145
2147,145034.38660028434
2148,137120.3505348548
2149,154724.37944654166
2150,226706.58309202132
2151,125249.74473209602
2152,168320.32744700485
2153,164471.92627577574
2154,101779.57530934535
2155,143711.9275864299
2156,273609.9181416667
2157,231379.14762179772
2158,236033.91294859198
2159,208605.42512101168
2160,182996.85386788793
2161,237880.54575786076
2162,409612.2099252479
2163,323792.72112032777
2164,241709.38334069896
2165,204579.85675141937
2166,154793.27006217188
2167,221820.88395319064
2168,191959.27510822844
2169,194855.51631785114
2170,215738.69699178077
2171,147597.17598330646
2172,129974.84304637079
2173,155894.39696346433
2174,230351.85297504513
2175,296123.7767881461
2176,300044.84317525086
2177,244272.6711178969
2178,211238.9756856758
2179,138168.0517282427
2180,208092.92485488707
2181,194796.97533825182
2182,224922.55991062784
2183,188311.3345169996
2184,117226.74937721502
2185,129008.14744300007
2186,150904.76676398123
2187,156044.3831820786
2188,162291.46448290255
2189,310340.5291573396
2190,81851.56623078267
2191,82475.59034104832
2192,86770.25700786241
2193,113884.45036027287
2194,106126.10454225261
2195,110286.82115642335
2196,99377.67142802001
2197,122450.29040324979
2198,156551.88584810702
2199,163146.3714360873
2200,152710.92697400035
2201,144641.859440163
2202,213236.48839075098
2203,144984.64626285125
2204,182329.19433925487
2205,124481.75093676224
2206,143785.70149734928
2207,225356.55167200766
2208,275138.024836324
2209,236092.8332536447
2210,124039.91981936504
2211,121205.4921250344
2212,123946.02823773939
2213,101849.2019204739
2214,131970.47854023107
2215,101778.49964841035
2216,150288.1623756482
2217,66633.84614617724
2218,71943.73264530429
2219,69939.29861296834
2220,70654.28808297416
2221,301696.27728890703
2222,273049.32038426644
2223,264170.8079482513
2224,211881.46621146394
2225,121080.55728154574
2226,187636.98143842496
2227,193452.0620736889
2228,256304.46119034558
2229,254879.95499633485
2230,144221.25931710112
2231,208296.73122217946
2232,168696.1380781787
2233,176570.63924934366
2234,228724.67679497748
2235,213307.06722604734
2236,263639.8126996961
2237,313621.555402238
2238,197216.6050369399
2239,113761.19499685965
2240,151455.82773552954
2241,159424.5555435017
2242,122043.5960526915
2243,126302.93384426662
2244,102573.8012316372
2245,98090.89765044085
2246,140250.08324915028
2247,113737.66995908093
2248,127060.08949930027
2249,126220.45372890537
2250,128544.16558152961
2251,106445.08957544542
2252,184716.21831285077
2253,149768.06457526374
2254,175327.49661706292
2255,181108.60898980632
2256,175747.42084738484
2257,213140.03624191956
2258,158008.55086274355
2259,176886.27072355337
2260,158449.1195919702
2261,189020.06566069397
2262,218121.80597725578
2263,360751.6255355723
2264,493662.7903271746
2265,170781.13698778514
2266,283484.0454376317
2267,384491.95473414386
2268,404194.88140072685
2269,143837.015448006
2270,192020.25686713224
2271,222483.8107026393
2272,196722.9986424934
2273,160585.23992464252
2274,177618.61407084457
2275,158000.91433655625
2276,195066.81879850762
2277,186959.4732731736
2278,144977.3348848057
2279,126717.45837537135
2280,115649.38546406347
2281,166428.1912511312
2282,181005.78096987278
2283,107040.40424282059
2284,111017.9017265501
2285,138626.09466182473
2286,126189.28671502414
2287,358938.6003306544
2288,277002.9618327653
2289,389635.49982586666
2290,483283.64694163814
2291,325242.64937610994
2292,414428.4890228981
2293,511027.03152849793
2294,415897.75831654033
2295,488218.30078279064
2296,301438.51620614383
2297,332345.8740714736
2298,320966.88331879687
2299,379713.78130548465
2300,337652.07287745463
2301,291470.92924036825
2302,246624.3040529549
2303,243423.67912757944
2304,253700.30574422196
2305,196426.8427512912
2306,189818.48373294307
2307,196299.34972250188
2308,219842.00795966326
2309,260252.0076232057
2310,212940.05741091233
2311,212278.03086599198
2312,167503.96744363866
2313,171749.4093441075
2314,178112.08675907433
2315,180202.53996024205
2316,196608.83035020976
2317,186268.57684031653
2318,181630.89540006424
2319,185869.64230002515
2320,184324.80547800544
2321,242579.22874713966
2322,185985.85149537996
2323,183360.91633395618
2324,180051.86444073377
2325,212439.36331722865
2326,169150.31485283072
2327,207065.41956862377
2328,226551.9925664895
2329,190249.12156805978
2330,180638.30837868145
2331,351860.34302551474
2332,414332.6079776164
2333,326940.03497032437
2334,251443.21425223138
2335,260668.13529548125
2336,320402.47814072843
2337,195752.07927564144
2338,260187.45912583693
2339,220888.78732251658
2340,384769.25660277135
2341,212168.79008176352
2342,225297.80432000433
2343,222020.93312827448
2344,217812.7029838696
2345,230825.63780367066
2346,212770.89608503925
2347,195959.3824672125
2348,241368.7610371045
2349,171384.71476467085
2350,294482.5924092715
2351,251151.19686956416
2352,247898.75148734736
2353,254745.1334400291
2354,139984.6819882317
2355,145949.21481226175
2356,147155.12160517467
2357,187685.24661535982
2358,190588.1941178684
2359,135556.74923795462
2360,117492.4728858383
2361,145831.72686971023
2362,280243.13620108855
2363,134141.8325322538
2364,154074.61860157814
2365,217677.260579435
2366,197364.26576002588
2367,227468.55063312085
2368,213617.79023215134
2369,215888.72869615475
2370,165093.36119187187
2371,164206.63449434267
2372,192590.32750760016
2373,277903.61664536624
2374,318053.82906913914
2375,241339.39704225742
2376,312847.737950189
2377,374343.8116961846
2378,141223.78157724798
2379,213293.78769383326
2380,148375.3522889292
2381,165415.29661546534
2382,195855.64971769633
2383,204653.70091993263
2384,249899.89910847682
2385,158425.74465541585
2386,132472.41177077498
2387,132010.1066656231
2388,99641.23634599743
2389,121165.91161543096
2390,135356.85901288173
2391,146747.01979222908
2392,118411.65382769326
2393,165437.53224309598
2394,143174.18827975262
2395,213205.19295416668
2396,140109.9526630719
2397,219288.31335236275
2398,126832.1555021303
2399,73446.43621728895
2400,73806.36469569051
2401,124701.00971366344
2402,134783.16685292384
2403,144375.48650453042
2404,148669.54934207158
2405,157448.57756063418
2406,139764.7849304363
2407,124570.13758598838
2408,145783.96372037928
2409,124675.0722677487
2410,172472.34484618998
2411,110489.1174798244
2412,150932.68487164687
2413,128634.37769651636
2414,150486.5865100725
2415,135594.9513812199
2416,125837.19135981944
2417,132440.19967336976
2418,132107.9628971246
2419,126019.09763521908
2420,119967.76674867519
2421,143335.1677036602
2422,103305.027728554
2423,103577.85337970432
2424,165775.1981062034
2425,216998.84420233188
2426,124394.16956887122
2427,128518.34677421307
2428,170889.29790384005
2429,112181.1505837573
2430,132043.82314888254
2431,113217.78502505439
2432,147442.88165712953
2433,142239.49216722182
2434,141620.03122940354
2435,154237.40004610398
2436,107566.97564060938
2437,104056.33234987651
2438,120564.24312607049
2439,102298.82720170316
2440,123785.00357595462
2441,99693.76889935037
2442,104674.86556651564
2443,128166.03848472188
2444,132151.6664941087
2445,90048.08584770134
2446,127230.20737121152
2447,180816.4988344663
2448,127787.07049042275
2449,114602.53619968295
2450,147697.36868032409
2451,132360.50633258306
2452,189846.88493045498
2453,93667.70059545702
2454,112604.70209001805
2455,117426.7689047577
2456,129661.43804373815
2457,124385.0052017879
2458,126461.57087704798
2459,107999.5579092861
2460,140354.13859291314
2461,124745.41149582967
2462,129059.04961864754
2463,120152.31199716318
2464,176132.91270251095
2465,143568.5384767234
2466,117100.46953216985
2467,135213.82873228219
2468,87866.40864447155
2469,89040.64119249427
2470,189934.1172642532
2471,214470.53879538307
2472,172781.29993329913
2473,110794.33909833683
2474,76262.96549641692
2475,225770.0167054899
2476,115897.75742681984
2477,120704.00335454554
2478,157260.6863041688
2479,107084.02633709567
2480,145573.9934669058
2481,115785.37538505453
2482,124946.34382276167
2483,110674.87178671584
2484,119823.5280803212
2485,128194.50375631324
2486,149707.11984202694
2487,171695.16036483555
2488,160366.76726742426
2489,150668.67321223769
2490,133799.94737121215
2491,94107.86001133603
2492,182086.385879222
2493,144737.16797810825
2494,144706.79148729335
2495,91964.4873189582
2496,253086.92344434836
2497,158569.9784530895
2498,110164.76902790049
2499,93834.64468760426
2500,123351.46146419212
2501,136069.97621387895
2502,145411.38968681643
2503,100112.20212757878
2504,171978.78528728097
2505,221420.97873891532
2506,255141.85041067656
2507,301540.60292754037
2508,253929.45675724946
2509,212799.83140432168
2510,218738.74751990373
2511,172984.40624189263
2512,209938.09195889122
2513,218727.03450280897
2514,253153.0011726453
2515,145219.49778107993
2516,172520.07069906025
2517,147767.328080896
2518,146727.5920393332
2519,235989.2966190158
2520,209765.26897653253
2521,187213.68517724908
2522,225024.1286876147
2523,123271.8179395916
2524,132370.0387075974
2525,143228.69782227767
2526,139342.68533678033
2527,113473.34494911146
2528,129256.99515082903
2529,134302.196183213
2530,128096.91758260947
2531,253574.05798964528
2532,230649.73929920996
2533,194709.5605779139
2534,235189.90429102385
2535,310266.35225900577
2536,228458.5411796576
2537,236651.37701879317
2538,183694.5107302353
2539,184301.76987724446
2540,180619.29970950185
2541,180417.0968201678
2542,160215.15202435217
2543,125740.27456700632
2544,123975.22821030238
2545,132432.78976115523
2546,139889.2418647944
2547,147041.35882699312
2548,157283.04981562262
2549,158689.21871078617
2550,1776608.5599518027
2551,148493.5693869454
2552,128320.83633251373
2553,75470.3208695271
2554,90702.41435671499
2555,121665.48615216721
2556,102091.63148678809
2557,110787.91763159756
2558,144403.50585809376
2559,145977.35998354692
2560,150136.1751579258
2561,156116.64104298406
2562,142081.2872011516
2563,155496.13231149
2564,195258.18246230608
2565,131252.81736901865
2566,165611.22801165632
2567,141876.78758834224
2568,195480.3271477761
2569,217875.51519490342
2570,122734.70825163632
2571,191005.75948740065
2572,154792.81251233973
2573,224562.43106384744
2574,294014.15969658416
2575,132550.49661538086
2576,111197.26574178904
2577,129668.08193423875
2578,89392.09668438928
2579,60934.8331355641
2580,84936.90289217271
2581,99624.29629216177
2582,105013.16789769061
2583,293708.8580720354
2584,172457.63495757978
2585,188823.91426859394
2586,224594.87431577608
2587,202685.0666178959
2588,147026.4173318539
2589,149345.4273300474
2590,202166.0412613976
2591,224779.41828709914
2592,212749.4028572977
2593,243051.74243517523
2594,175041.34648504815
2595,193261.5953517058
2596,295867.3543801356
2597,178211.06651463555
2598,288915.4993741011
2599,320421.8854920137
2600,148259.59065259944
2601,137835.0851007825
2602,86618.12741608784
2603,94088.22205840738
2604,92332.68531738242
2605,83068.1914546184
2606,147646.3561549098
2607,209349.7126096139
2608,196476.62195762666
2609,172423.7974768995
2610,108898.04971970126
2611,127065.33193124537
2612,154937.9379406894
2613,129679.98224634964
2614,123935.67615951764
2615,149233.20495088602
2616,144032.04609140693
2617,185110.9596583591
2618,200519.93775328965
2619,208212.3421430391
2620,185265.74310616057
2621,172156.91467600086
2622,180406.9451277734
2623,243617.90128429868
2624,301461.46195306594
2625,327272.1353916738
2626,169271.71010633415
2627,162907.6418807571
2628,463370.52970180067
2629,547319.7941168017
2630,376504.71011708764
2631,493445.4446620317
2632,396271.37162036507
2633,296486.3814827284
2634,388230.57812256354
2635,158741.0298042136
2636,181234.1160437768
2637,176564.75006037252
2638,275798.7275987317
2639,182594.08694812024
2640,145620.5163517492
2641,105779.84094200979
2642,185891.62127149553
2643,107789.04657790015
2644,124224.64618181193
2645,110191.84946478592
2646,97667.99933529938
2647,106296.34739480536
2648,135744.84119222302
2649,150720.76019489992
2650,130689.30118063962
2651,139856.04697136
2652,417704.642391098
2653,248791.2544901034
2654,253056.74487253092
2655,374107.26820920914
2656,317580.0415640242
2657,344228.95473094087
2658,302794.7997781343
2659,311598.82532566023
2660,356274.102997945
2661,349946.3269752454
2662,345950.3348451201
2663,285926.3292448721
2664,253739.08478686828
2665,306620.84485446865
2666,272335.97441055335
2667,173492.565580263
2668,179612.45047633012
2669,179492.94565209362
2670,283835.1752963425
2671,185313.7207566572
2672,195997.86912443044
2673,203122.6775594478
2674,197191.09534206413
2675,177000.04183613468
2676,191910.45999970014
2677,199729.9356443634
2678,251152.14993399844
2679,269266.4637304084
2680,280451.73023777164
2681,392139.8554080721
2682,328593.69665365235
2683,528362.9383390114
2684,312693.8274320977
2685,331944.81855961104
2686,256918.4565650494
2687,290685.9974660754
2688,209898.35171207046
2689,206258.8019743906
2690,433376.2098893796
2691,187190.12420066926
2692,143443.74838054783
2693,197415.53270441157
2694,135884.93310204992
2695,191127.43751964634
2696,182381.88396797376
2697,186587.5975490514
2698,194292.54603703227
2699,172252.06550011836
2700,153145.88547264124
2701,148584.63522753926
2702,112623.24583599929
2703,122557.03867644281
2704,140993.72234893378
2705,117656.34038580925
2706,111638.96282840944
2707,121635.93158160777
2708,130452.2265218025
2709,103204.32823830549
2710,123533.99028717581
2711,284433.4342774309
2712,378199.49880645506
2713,175676.85983996236
2714,154040.1788866273
2715,172166.76600021342
2716,151504.40284338983
2717,194874.22355930437
2718,226759.52951483906
2719,147266.23029832824
2720,169183.4172795013
2721,131146.8299641718
2722,163080.26509702054
2723,142846.21261299966
2724,130380.1168507216
2725,127807.03916394373
2726,149081.08732128763
2727,167655.65253104983
2728,175887.28163874408
2729,146550.14675777327
2730,144397.53591002204
2731,131981.27794817806
2732,130522.74162380134
2733,158400.9199469514
2734,153122.07918735317
2735,135180.97839050693
2736,141090.22945368817
2737,119198.15124205174
2738,138613.21636617882
2739,156425.21200072786
2740,137916.33011827662
2741,145573.49503938417
2742,151755.0573204268
2743,152058.89219436763
2744,154769.26295745952
2745,141775.0857325581
2746,134885.21912017412
2747,142522.47549805502
2748,122226.05334160624
2749,124952.84194099033
2750,124529.4598634727
2751,128796.70194426895
2752,191910.65492250893
2753,141443.24782058227
2754,222055.57190811486
2755,138675.59977288824
2756,102847.13536601249
2757,72547.11814419506
2758,92716.44634714197
2759,156918.70094637625
2760,116833.7219484245
2761,142382.3762845089
2762,146149.16001901642
2763,184693.93559809387
2764,147130.21406797692
2765,288898.03233636176
2766,111816.04243659486
2767,84606.1818175808
2768,124342.71248271839
2769,130996.12574138852
2770,136053.06382413776
2771,103941.43978207133
2772,102837.34401074638
2773,159340.5646807908
2774,143412.91019304853
2775,117032.18481041513
2776,137704.8955171415
2777,141803.6992214689
2778,113244.31064396237
2779,115842.35455372957
2780,98882.5476217988
2781,101355.77457357316
2782,96762.1663619202
2783,95339.56903155278
2784,119441.75723425887
2785,136962.54105087437
2786,74211.0159340032
2787,121496.06786594747
2788,79165.92690137471
2789,168732.94358104625
2790,91029.11429415832
2791,113517.06504526277
2792,58809.36751933998
2793,128599.81076680897
2794,91903.23303604464
2795,119394.6039590752
2796,99334.57535476626
2797,210857.73941882292
2798,97509.76820162605
2799,116515.78169931487
2800,73115.21322201699
2801,115313.26941689823
2802,129674.17866915495
2803,175331.0425534358
2804,126272.93309382991
2805,100880.39728879633
2806,92326.91781174533
2807,161378.72942546837
2808,143616.06264968193
2809,134510.80166920292
2810,122528.94298573465
2811,152784.87456972705
2812,163967.0173413695
2813,163363.23500810657
2814,165623.99430663738
2815,98864.70656512327
2816,231413.19678148004
2817,147728.04215695238
2818,133435.86993134033
2819,172458.34113963638
2820,138918.28301804932
2821,112246.40617413701
2822,189574.64082874337
2823,385852.24365046574
2824,182477.0518849049
2825,140330.1315011625
2826,138710.75979742955
2827,143586.7192703244
2828,220974.4623585265
2829,204847.76339034075
2830,234957.35706460185
2831,169106.05055109054
2832,252600.66948383846
2833,281100.2522211458
2834,223397.90302182944
2835,228003.94704291812
2836,188060.33820796688
2837,160597.20040834346
2838,148065.83787574628
2839,170475.1350143634
2840,202514.33041528627
2841,201758.75488461516
2842,226886.9689858764
2843,151838.6877148835
2844,161985.6799131965
2845,129345.96791385829
2846,207463.44152190216
2847,203044.94403502333
2848,216860.15647049053
2849,200451.59309950608
2850,279835.0240979606
2851,214254.23653348789
2852,234032.78517761265
2853,237936.16859004047
2854,137806.3887352189
2855,199426.6989708092
2856,203446.07285822602
2857,186732.5682524966
2858,205611.99974731955
2859,114230.18612820066
2860,129603.69661758737
2861,123133.72205360935
2862,197866.30523300148
2863,133783.6139449077
2864,262758.3072467383
2865,147619.85500093093
2866,149290.49825445566
2867,105972.1493136161
2868,104956.85406517834
2869,108016.07847393524
2870,121431.51803854106
2871,86272.79997542572
2872,67365.88814615241
2873,105181.62965818241
2874,130700.90496203631
2875,117563.45073781222
2876,164525.53247702692
2877,147029.894073398
2878,167286.51032845967
2879,134305.0114869081
2880,106775.00910972134
2881,151471.0258901043
2882,170986.7111969887
2883,198307.40278742366
2884,192379.9724487185
2885,182828.19924148475
2886,232705.9036715918
2887,99320.45948686816
2888,139917.9944930183
2889,64480.06673278124
2890,85569.97273208687
2891,140983.23730142432
2892,47450.16402393119
2893,69731.4799833695
2894,56956.91392833148
2895,321122.8630387282
2896,286771.65691737406
2897,204887.1409352883
2898,157018.84376541493
2899,201282.30019778747
2900,159528.95196801264
2901,203868.87653563227
2902,172695.30654674556
2903,315414.32806856104
2904,343665.01303009316
2905,81403.34364862017
2906,194855.07703567846
2907,113006.62389189229
2908,131016.701359122
2909,156284.61488198658
2910,78674.4021669298
2911,90037.3424662526
2912,139829.4162539868
2913,83856.27582674354
2914,80156.50230920636
2915,86979.58744036836
2916,87035.89765271553
2917,165116.28167328343
2918,117941.87198998171
2919,229473.60194616838
